1403715276.112143278 -0.924632192 0.007283077 -0.519624591 0.010166880 -0.840362363 0.016753242 0.541670621
1403715279.512143135 -1.054982901 -0.024541762 -0.405966282 0.000500491 -0.824373013 0.020642773 0.565670187
1403715280.562143087 -1.132420540 -0.028961267 -0.273939431 -0.002150006 -0.833869255 -0.000224920 0.551957781
1403715281.612143278 -1.348226190 -0.091129154 -0.185984761 -0.163606040 -0.817702898 -0.102927857 0.542218490
1403715283.062143087 -1.770977378 -0.113975704 -0.337268978 0.455978689 0.682773783 0.317519393 -0.474431061
1403715284.112143278 -2.063884974 -0.121117756 -0.467693597 0.558977064 0.604451567 0.374471756 -0.426560488
1403715285.212143183 -2.188903809 0.013535876 -0.516081750 0.582800733 0.558154019 0.400706416 -0.433868372
1403715286.562143087 -1.986998916 0.156725138 -0.142814755 0.609420493 0.558163382 0.410557068 -0.385361124
1403715287.562143087 -1.893750310 0.461693197 -0.007388115 0.644325793 0.502951328 0.437057791 -0.375319493
1403715288.862143040 -1.737204313 0.638291299 0.113581151 0.725316691 0.385371758 0.488953076 -0.293818305
1403715290.012143135 -1.601657391 0.693879068 -0.187382013 0.774936778 0.308873801 0.505193134 -0.221020049
1403715291.162142992 -1.450145364 1.106677055 -0.115273088 0.772742201 0.293643854 0.500348436 -0.257476641
1403715292.362143040 -1.019128084 1.360291839 -0.253201574 0.786120610 0.288393627 0.504687530 -0.210080935
1403715293.362143040 -0.762460232 1.713383913 -0.180513829 0.639044547 0.489492954 0.467222193 -0.365680376
1403715294.462142944 -0.528501570 1.918513298 0.019764870 0.505259331 0.625731339 0.374008873 -0.461834021
1403715295.562143087 -0.330095381 1.939867496 -0.151589572 -0.327520585 -0.750070497 -0.239687473 0.522182374
1403715296.812143087 -0.059563868 1.928181887 -0.353937417 -0.214395581 -0.802612549 -0.134651889 0.540107860
1403715298.112143278 -0.096400343 2.388985634 -0.433360875 -0.005927730 -0.804922991 0.032095621 0.592480981
1403715300.712143183 -0.545716405 2.303747177 -0.316913158 0.296365328 -0.745291241 0.246834404 0.543857828
1403715301.762143135 -0.493812501 2.458532572 -0.359008968 0.286965141 -0.760358883 0.218817811 0.540022354
1403715302.762143135 -0.086462803 2.566874743 -0.405632675 0.263312528 -0.782178382 0.195060979 0.529919528
1403715303.762143135 0.144879520 2.360336781 -0.448440909 -0.423743007 0.697921185 -0.302946441 -0.491499072
1403715304.912143230 0.309109122 2.214208364 -0.571141720 -0.461714617 0.672865252 -0.330148780 -0.474419381
1403715306.012143135 0.428738892 2.231764793 -0.340811133 -0.475306169 0.672389924 -0.339859996 -0.454390822
1403715307.412143230 0.280212671 2.622411728 -0.112799898 0.292592972 -0.761528068 0.167619389 0.553505280
1403715308.412143230 0.412878722 2.895985126 -0.366704375 0.095934737 -0.827139636 0.053458571 0.551161256
1403715309.512143135 0.205253720 2.936200857 -0.348112315 0.089055844 -0.811174760 0.091395275 0.570711371
1403715311.362143040 0.052087739 3.542745113 -0.292020679 0.009960745 -0.831718738 0.050208700 0.552832535
1403715314.312143087 -0.411662072 4.170217037 -0.034360439 -0.049128807 -0.816701635 -0.046629017 0.573071143
1403715316.612143278 -0.373480082 3.678572416 -0.076948941 -0.303622569 -0.780324063 -0.212826833 0.503599476
1403715318.062143087 -0.692885935 3.438557863 -0.299422801 0.564400741 0.604499745 0.350708024 -0.439358332
1403715319.112143278 -0.592576683 3.449495316 -0.415460140 0.646093885 0.538071146 0.422768473 -0.338096069
1403715320.912143230 -0.814088106 4.330630302 -0.218503565 0.780733157 0.221856083 0.533739712 -0.237397421
1403715321.912143230 -0.806299567 4.228573322 -0.123224899 0.780749413 0.202745535 0.550210659 -0.215853728
1403715323.112143278 -0.383892089 3.595084906 -0.157718658 0.816065511 0.164354242 0.546095986 -0.093829308
1403715325.262143135 0.100485265 3.599670410 0.042262048 0.785839020 0.167925570 0.581509784 -0.126903145
1403715326.912143230 -0.013314120 3.195084572 -0.037007272 0.795135340 0.155944225 0.573089649 -0.122513033
1403715329.412143230 -0.071405374 2.250025272 -0.208154038 0.732448144 0.371957682 0.504446065 -0.265897286
1403715330.562143087 -0.126689017 2.196025848 -0.383142084 0.718481851 0.399524978 0.492800310 -0.285151672
1403715331.712143183 -0.156796694 2.159131289 -0.064421222 0.648577487 0.495455506 0.467480165 -0.339607686
1403715332.762143135 0.050253097 2.131776810 0.063464940 0.671038843 0.479748608 0.452315006 -0.339056455
1403715333.762143135 0.540762842 2.103567839 0.100439847 0.638196877 0.510140799 0.446971951 -0.364248797
1403715334.862143040 1.074940562 1.972568870 0.102559716 0.613506833 0.555368717 0.417192601 -0.375666458
1403715335.862143040 1.539333940 2.080520630 0.090280294 0.581666789 0.589991082 0.390366592 -0.401482495
1403715336.862143040 1.904445529 2.277232409 0.083518773 0.566253112 0.604170693 0.384021339 -0.408488431
1403715337.862143040 2.139043331 2.545618057 0.156208009 0.532051556 0.636993505 0.346002047 -0.437541998
1403715339.312143087 2.557524681 3.085225821 0.214899510 0.449958563 0.700586414 0.300605067 -0.465137143
1403715340.412143230 2.666343927 3.452419519 0.151511699 0.380228273 0.738398009 0.266200936 -0.489215599
1403715342.162142992 2.248186827 3.898319006 0.282486051 -0.355261780 -0.754062571 -0.234302229 0.500281094
1403715343.312143087 1.815372229 4.090622425 0.259937733 -0.250884333 -0.793011482 -0.165238146 0.529986977
1403715344.312143087 1.266880631 4.224759579 0.201875538 -0.199058918 -0.796971706 -0.160966844 0.547084383
1403715345.362143040 0.704571426 3.822257280 0.120881289 -0.167537448 -0.803548569 -0.122797825 0.557818604
1403715346.362143040 0.319777757 3.129931211 0.047706634 -0.184119798 -0.809828681 -0.111591093 0.545733301
1403715347.562143087 -0.107082076 2.526831388 0.106989920 -0.147112504 -0.809138340 -0.114715443 0.557219368
1403715349.312143087 -0.501412034 2.171966076 -0.086395398 0.025523743 -0.810748993 0.063526357 0.581376823
1403715350.312143087 -0.525316119 2.522427559 -0.296245068 0.141739163 -0.818757206 0.104885593 0.546393320
1403715351.362143040 -0.731467783 2.531836510 -0.426664412 0.148918380 -0.813735728 0.098984359 0.553045729
1403715353.962142944 -1.162531376 1.570755720 -0.300189942 0.244806356 -0.774427346 0.180105494 0.554882100
1403715355.362143040 -1.287235141 1.423973083 -0.267604709 0.282696015 -0.771237226 0.210338999 0.530126032
1403715356.462142944 -1.463941216 1.320028305 -0.106052443 0.371194650 -0.740965718 0.233408336 0.508630401
1403715360.212143183 -1.362139821 -0.420332521 -0.067800984 -0.506944282 0.634104105 -0.367667446 -0.453585857
1403715361.262143135 -1.205026507 -0.525149107 -0.015007675 0.345441765 -0.739777995 0.253016206 0.519019562
1403715362.662142992 -1.151503325 -0.891727090 -0.060716808 0.066199270 -0.825734443 0.036969636 0.558939651
1403715363.762143135 -1.208453178 -1.077654719 0.001617581 -0.171438350 -0.807780612 -0.084943750 0.557569667
1403715365.162142992 -0.992420614 -0.751962125 0.166917890 -0.320582614 -0.759808519 -0.231331630 0.516142886
1403715367.062143087 -0.336274594 -0.554919720 0.306680351 0.453231743 0.699732074 0.289252359 -0.470413737
1403715368.762143135 0.324896336 0.258305043 0.364151746 0.447241394 0.683000437 0.309643106 -0.487449162
1403715370.012143135 0.951311827 0.907317758 0.339834362 0.296007944 0.784576667 0.219536738 -0.498620468
1403715371.012143135 1.107227325 1.427289724 0.326957852 -0.306726830 -0.775514452 -0.218680197 0.506630987
1403715372.062143087 1.024791956 2.123129368 0.262130648 -0.294898982 -0.774810530 -0.208257035 0.518972292
1403715373.062143087 0.860928237 2.870784760 0.330414623 -0.246595502 -0.789147531 -0.162465712 0.538555220
1403715374.062143087 0.714639008 3.503387928 0.356894702 -0.158876608 -0.812669973 -0.117986021 0.548092180
1403715375.112143278 0.419216305 3.808695555 0.367470354 -0.044061501 -0.838387556 -0.042466273 0.541628568
1403715376.362143040 -0.213240743 3.797581673 0.268925816 -0.090907471 -0.809462617 -0.051621702 0.577790017
1403715377.762143135 -0.486023903 3.293898344 0.130245864 -0.090557592 -0.810326979 -0.061906185 0.575618914
1403715378.812143087 -0.373919845 2.750356197 0.090786517 -0.104053274 -0.829102880 -0.042386150 0.547690373
1403715379.812143087 -0.487012029 2.333033562 0.159495026 -0.117445242 -0.824677986 -0.073613017 0.548355686
1403715382.112143278 -0.747621179 1.902792335 -0.181672215 -0.102707657 -0.802351320 -0.030767509 0.587142961
1403715383.462142944 -1.173736811 1.097543001 -0.119994074 -0.306078686 -0.770370251 -0.135852996 0.542576702
1403715384.712143183 -1.721024275 0.889530778 -0.131081060 0.546594329 0.632212933 0.332489265 -0.437026700
1403715385.712143183 -1.843877196 1.074189901 -0.078806013 0.633305523 0.529476205 0.423248817 -0.373415990
1403715386.712143183 -1.756298423 1.135255694 0.015891522 0.629657791 0.503343969 0.463391888 -0.368027001
1403715388.462142944 -0.669998884 0.933892727 0.007426292 0.606028692 0.553348556 0.441563878 -0.362706412
1403715389.512143135 0.116098031 1.041888952 0.002806813 0.560709966 0.591387217 0.433610845 -0.384508945
1403715390.962142944 0.726969361 1.471791983 0.011260837 0.364150317 0.753945411 0.267937270 -0.476624048
1403715392.112143278 0.666272402 2.319453239 0.070128441 -0.280472875 -0.789918154 -0.196951912 0.508501938
1403715393.262143135 0.454181880 3.293100595 0.250939637 -0.072818199 -0.826290800 -0.076337813 0.553275305
1403715394.262143135 0.302829444 3.580163956 0.246146888 0.164829942 -0.808686778 0.118725745 0.552051612
1403715395.262143135 0.385316789 3.523751020 0.233873099 -0.437722338 0.698614529 -0.299451077 -0.480276948
1403715396.612143278 0.581604242 3.190131426 0.076380253 -0.544418318 0.611008412 -0.380234781 -0.430927984
1403715398.062143087 0.525773704 2.543976784 -0.106792375 -0.556162831 0.588966861 -0.418765201 -0.410410341
1403715399.212143183 0.321280658 2.218504667 -0.189447597 -0.552296948 0.579804982 -0.399134643 -0.446638333
1403715400.562143087 0.859097898 2.319867373 -0.146726489 -0.502539124 0.664530815 -0.312530057 -0.456265479
1403715401.562143087 1.384278178 1.870650291 -0.120526642 -0.363633203 0.756436653 -0.243534662 -0.486071344
1403715403.062143087 1.630723119 0.984602869 -0.049560457 0.273744836 -0.781667351 0.204082294 0.521929434
1403715404.062143087 1.618072629 0.515951753 -0.009011060 0.169953752 -0.824155890 0.128180717 0.524835684
1403715405.462142944 1.112546921 -0.247034520 -0.038597852 -0.032109531 -0.826111794 0.009347050 0.562513035
1403715406.512143135 0.730863333 -0.527226865 -0.188229471 -0.291119621 -0.777867433 -0.178577921 0.527523980
1403715407.812143087 0.265288413 -0.361073762 -0.364449263 0.436263368 0.707242961 0.309673650 -0.462151381
1403715408.812143087 -0.160350502 0.093149424 -0.246101424 -0.370465518 -0.713703319 -0.278574075 0.525146986
1403715410.762143135 -0.610219240 0.352979898 -0.073479950 -0.276769943 -0.771694613 -0.212414925 0.531757203
1403715412.162142992 -0.780185521 0.302286655 -0.154439151 -0.261170404 -0.776094012 -0.177920396 0.545721941
1403715413.562143087 -0.713685513 0.217607945 -0.312430263 -0.269845957 -0.774708269 -0.172320003 0.545266975
1403715414.762143135 -0.698321044 0.160870165 -0.418918431 -0.266184824 -0.780412412 -0.184999916 0.534674796
1403715415.912143230 -0.754648745 0.157873094 -0.520835280 -0.277762478 -0.770924714 -0.213818558 0.531793865
1403715417.912143230 -0.778475165 0.148225814 -0.534514189 -0.278482004 -0.769903876 -0.214404947 0.532659660
