1403715276.112143278 0.238225892 0.866684735 0.128145173 0.063521748 -0.855689645 0.080331050 0.507254513
1403715279.112143278 0.135665014 0.840206325 0.261593819 0.051307324 -0.838627890 0.085596778 0.535484838
1403715280.912143230 0.032093428 0.737044394 0.229588822 -0.019502464 -0.831301783 0.018353776 0.555175773
1403715281.912143230 -0.160508335 0.666841745 0.249265060 -0.182664589 -0.817365649 -0.100609648 0.537051899
1403715283.012143135 -0.502384663 0.601996660 0.130289957 0.404581116 0.727501846 0.257918375 -0.490441940
1403715284.062143087 -0.797409415 0.539934397 0.004343979 0.517445798 0.655410430 0.329404464 -0.440658272
1403715285.062143087 -0.954321623 0.639289141 -0.062355720 0.519144535 0.637377299 0.348604157 -0.450238017
1403715286.862143040 -0.760889232 0.950525165 0.353885263 0.589385865 0.586324291 0.402684176 -0.383005983
1403715289.412143230 -0.494797200 1.392036200 0.449252218 0.715459018 0.413551254 0.503937818 -0.251277595
1403715290.412143230 -0.404094785 1.569693089 0.303327054 0.740192677 0.389638069 0.495787680 -0.233434257
1403715291.412143230 -0.277390569 1.982346296 0.325825840 0.749129182 0.340374018 0.506972994 -0.256767170
1403715292.412143230 0.109745488 2.214109898 0.209722325 0.746952068 0.373972552 0.503833348 -0.219907017
1403715293.412143230 0.347706586 2.614105225 0.312323719 0.602892989 0.554688154 0.417521944 -0.393085896
1403715294.512143135 0.541207969 2.854951382 0.436550081 0.458099160 0.679490578 0.311402790 -0.481109152
1403715295.612143278 0.741822422 2.908911705 0.267061949 -0.259805649 -0.788180456 -0.176996560 0.529098111
1403715297.112143278 1.061536789 3.013079166 0.074602589 -0.111851589 -0.832987697 -0.054088518 0.539161526
1403715298.162142992 0.888078332 3.418962955 -0.018437734 0.079952152 -0.810044440 0.094521571 0.573150356
1403715299.162142992 0.855686247 3.613336802 0.012683889 0.159823299 -0.827037482 0.147941574 0.518245895
1403715300.212143183 0.626560688 3.288955450 0.079499394 0.350227322 -0.731972442 0.293119571 0.505606650
1403715301.612143278 0.463409066 3.332478285 0.063861310 0.346181025 -0.731287685 0.293105822 0.509378049
1403715302.612143278 0.827951968 3.547416449 0.006764369 -0.331671773 0.753751184 -0.276882319 -0.495165800
1403715303.612143278 1.134007335 3.440448284 -0.005612308 -0.451108151 0.673205838 -0.360648751 -0.461765974
1403715304.612143278 1.332772851 3.288946867 -0.042409927 -0.512877058 0.603059972 -0.440812761 -0.423036527
1403715305.612143278 1.446875930 3.331594467 -0.032260012 -0.517985526 0.607146388 -0.434453748 -0.417509520
1403715306.612143278 1.401605844 3.385902882 0.294110477 -0.461538085 0.624695353 -0.464135789 -0.425812496
1403715307.762143135 1.243528605 3.855087280 0.205653533 0.280663106 -0.781114735 0.240934259 0.503029496
1403715308.762143135 1.266658306 3.987008572 -0.007710768 0.141222363 -0.826758499 0.135202569 0.527491132
1403715310.112143278 0.924884737 4.088518620 0.067174517 0.157419904 -0.801070409 0.189410566 0.545553674
1403715311.362143040 0.818314791 4.552314281 0.086077176 0.082931666 -0.834998803 0.110788198 0.532564844
1403715312.862143040 0.292762637 5.024092197 0.084868148 0.082713632 -0.819843781 0.077418357 0.561267341
1403715314.862143040 0.260285944 5.035019398 0.318305552 -0.016012058 -0.848954540 0.009205750 0.528143027
1403715316.562143087 0.379937649 4.628158092 0.286309630 -0.216974137 -0.823769821 -0.152332166 0.501119165
1403715317.562143087 0.195654109 4.396247387 0.082845271 0.394528367 0.736774179 0.265383694 -0.480710590
1403715318.812143087 0.165871352 4.245218754 -0.074387245 0.561343320 0.640349245 0.363885338 -0.377404269
1403715319.862143040 0.134825274 4.649230480 -0.132709488 0.642096530 0.516264159 0.466730127 -0.321475275
1403715320.862143040 -0.179255083 5.138911247 0.096148580 0.746806932 0.315093178 0.522558513 -0.264439588
1403715322.862143040 0.213567227 4.568356514 0.209394559 0.794565779 0.244541280 0.542163245 -0.122163007
1403715323.862143040 0.786548376 4.552963734 0.257283896 0.755695609 0.236345080 0.596332363 -0.132109285
1403715324.862143040 0.825395048 4.635827065 0.392004997 0.784321302 0.230648571 0.556525200 -0.148057537
1403715325.912143230 0.722450137 4.487991810 0.430017501 0.791862697 0.223881376 0.542194193 -0.169870705
1403715327.012143135 0.738480449 4.148790836 0.353789002 0.784236804 0.215132624 0.563722662 -0.144593738
1403715328.062143087 0.804460227 3.658988476 0.289848745 0.770382124 0.287160493 0.541319917 -0.176133420
1403715329.162142992 0.863611162 3.264261961 0.255201310 0.728367125 0.386129723 0.511767434 -0.241824859
1403715330.162142992 0.794649065 3.159839869 0.115647234 0.689869932 0.457972359 0.475003580 -0.297846260
1403715331.162142992 0.767755389 3.162007570 0.141613841 0.662477420 0.488704001 0.442691753 -0.355409734
1403715332.212143183 1.000142932 3.087025404 0.411836296 0.634804164 0.535192994 0.432621505 -0.351327150
1403715333.262143135 1.447068930 3.213008165 0.494008720 0.568993133 0.568623415 0.443126779 -0.395667644
1403715334.262143135 1.904384971 3.118185043 0.495874643 0.568320291 0.616640539 0.382107330 -0.388278870
1403715335.462142944 2.461535692 3.229329348 0.538097620 0.550684289 0.636155697 0.369280200 -0.394569230
1403715337.812143087 3.089702129 3.877450466 0.570624053 0.475434633 0.697586631 0.293255965 -0.448704514
1403715338.812143087 3.273136854 4.286485672 0.609869659 0.423944953 0.726670348 0.260848513 -0.473475380
1403715339.912143230 3.507497311 4.760018349 0.552098095 0.388369327 0.749771271 0.274273659 -0.460202420
1403715341.112143278 3.226948023 5.005024910 0.587109745 -0.299204150 -0.795896957 -0.146460643 0.505543460
1403715342.112143278 2.958351612 5.267309189 0.633205593 -0.302348189 -0.788140600 -0.186715104 0.502550930
1403715343.212143183 2.528927565 5.385448933 0.607749999 -0.205354646 -0.815343457 -0.110300178 0.529979610
1403715344.562143087 1.784997821 5.401010036 0.512147129 -0.120987158 -0.813570004 -0.101498057 0.559610669
1403715345.662142992 1.317903519 4.722776890 0.441841096 -0.118851108 -0.820643959 -0.053166021 0.556409275
1403715346.662142992 1.044179916 3.997388363 0.433687210 -0.135943879 -0.817639488 -0.049348743 0.557269801
1403715347.762143135 0.795608759 3.442340136 0.526764691 -0.058912878 -0.827011602 -0.026989048 0.558437708
1403715348.962142944 0.615685225 3.059890985 0.417470485 0.071263447 -0.824311914 0.130336337 0.546300127
1403715349.962142944 0.466589540 3.301449060 0.169209734 0.161670295 -0.808242576 0.163030371 0.542243259
1403715351.412143230 0.248479351 3.374335527 -0.038411260 0.213944532 -0.806155905 0.164946417 0.526434301
1403715352.562143087 0.109237388 2.740123272 0.063651577 0.251324835 -0.784894605 0.257422471 0.504489800
1403715354.012143135 -0.025668504 2.359973192 0.110573418 0.293540791 -0.764734699 0.241432000 0.520312630
1403715355.012143135 -0.072720736 2.240309000 0.067041732 0.289895541 -0.771733476 0.255056720 0.505305934
1403715356.112143278 -0.277065396 2.140507698 0.274524480 -0.413501069 0.710893091 -0.305507259 -0.479909568
1403715357.762143135 -0.480562568 1.593489528 0.424288899 -0.499480657 0.644663488 -0.366096009 -0.448220674
1403715358.862143040 -0.347420216 0.927266419 0.462221146 -0.517066673 0.618539642 -0.402569069 -0.433576880
1403715360.162142992 0.034487635 0.398790687 0.445095688 -0.528157818 0.615357080 -0.404605640 -0.422704694
1403715361.162142992 0.189418763 0.329809964 0.506852865 -0.398374370 0.714026517 -0.312181798 -0.483742203
1403715362.262143135 0.248067036 0.152125835 0.524577498 0.211969710 -0.806573699 0.155451225 0.529473915
1403715363.362143040 0.222063079 -0.267288983 0.468558133 -0.076074276 -0.823615944 0.033776228 0.561006817
1403715364.362143040 0.268056512 -0.077208109 0.554400384 -0.244530532 -0.786319840 -0.130709748 0.552105868
1403715365.412143230 0.454972863 0.191699371 0.711132228 -0.306409968 -0.764519605 -0.203695198 0.529274004
1403715366.912143230 0.970604062 0.388415396 0.801010728 0.416651575 0.728959061 0.254707762 -0.479733373
1403715368.062143087 1.387773514 0.866486192 0.863146901 0.396371049 0.733695241 0.237836710 -0.498011028
1403715369.312143087 1.910437942 1.653933406 0.823113739 -0.350284718 -0.757875926 -0.224394164 0.502565376
1403715370.612143278 2.171519279 2.408432961 0.785003781 -0.243755244 -0.791109722 -0.144677209 0.542030713
1403715371.612143278 2.095376015 2.971873045 0.746118248 -0.253414122 -0.800441394 -0.140551525 0.524709564
1403715372.812143087 1.769865870 3.864596605 0.713533103 -0.194881539 -0.810423145 -0.105504465 0.542313857
1403715373.912143230 1.495738268 4.576766014 0.711941481 -0.138018251 -0.824952995 -0.076999440 0.542655143
1403715375.362143040 0.988656640 4.877681732 0.666540325 -0.015188269 -0.832184038 0.016418385 0.554048265
1403715376.362143040 0.483335912 4.788428783 0.611654639 -0.030531850 -0.822602590 0.025214394 0.567236300
1403715377.362143040 0.277839959 4.471367836 0.529171228 0.004581636 -0.828809303 0.029613665 0.558728180
1403715378.812143087 0.539444029 3.727047682 0.476203740 -0.006521698 -0.842703417 0.033218287 0.537312725
1403715380.112143278 0.478355855 3.133001566 0.591193020 0.002400380 -0.830749716 0.009221397 0.556564563
1403715381.212143183 0.362707734 2.340741873 0.646101415 -0.020234572 -0.820915383 0.019385016 0.570361917
1403715383.012143135 0.236420467 1.074276686 0.667241514 -0.207956120 -0.814410673 -0.107635376 0.530946451
1403715384.162142992 -0.255678713 0.650334477 0.599508047 -0.345399443 -0.759154316 -0.198946975 0.514591148
1403715385.362143040 -0.496925563 0.698643446 0.617249429 0.517402391 0.660470110 0.333662985 -0.429817417
1403715386.662142992 -0.406870127 1.065862060 0.722542465 0.512721779 0.638768659 0.344391154 -0.458787217
1403715387.712143183 0.162308320 1.191681027 0.668899953 0.513225200 0.667344933 0.320224110 -0.434404367
1403715389.362143040 1.233002782 1.823500395 0.529786408 0.473587473 0.680506269 0.329976860 -0.451377220
1403715390.912143230 1.801975727 2.556273460 0.490952849 0.302969045 0.789041731 0.193402761 -0.498215091
1403715392.362143040 1.512198091 3.681535006 0.555969477 -0.205304259 -0.816871023 -0.110789677 0.527539136
1403715394.212143183 1.028773904 4.657230377 0.611629248 0.213235611 -0.794602034 0.180849121 0.538917226
1403715395.812143087 1.234307408 4.547202587 0.545892775 0.577536698 -0.566969132 0.433779519 0.396021079
1403715396.862143040 1.406915069 4.275696278 0.440189987 0.599452987 -0.526157450 0.470199041 0.377792689
1403715397.912143230 1.492081165 3.796612740 0.328474790 0.600667945 -0.517810789 0.499065396 0.349290333
1403715398.912143230 1.342413902 3.338433981 0.288235873 0.588213605 -0.494403993 0.489436502 0.412336462
1403715399.912143230 1.524794579 3.503960371 0.264214218 0.612493854 -0.521303572 0.469668340 0.364013070
1403715400.912143230 2.089313507 3.548078299 0.361377090 -0.471793197 0.660637581 -0.399023993 -0.426320324
1403715401.912143230 2.595588446 3.083491087 0.512110949 -0.387310232 0.695558847 -0.390930115 -0.461911593
1403715402.912143230 2.871853590 2.623377562 0.645370841 0.336272833 -0.716473231 0.337942595 0.509295095
1403715403.912143230 3.072818279 2.222831011 0.758745432 -0.251294855 0.787306396 -0.275679569 -0.490917823
1403715405.062143087 2.773899078 1.519915581 0.853511333 0.124958486 -0.808772353 0.182080084 0.545086691
1403715406.562143087 2.329927683 0.606188238 0.286725014 -0.265891562 -0.790878385 -0.115581882 0.538937738
1403715407.562143087 2.020245552 0.635529816 0.150507092 0.402685999 0.751552166 0.221591236 -0.473191982
1403715408.562143087 1.391999960 0.973572969 0.274792939 -0.372075560 -0.738806772 -0.231575441 0.511954242
1403715409.612143278 0.978025019 1.132572532 0.328974038 -0.214891116 -0.793253928 -0.119352485 0.557068216
1403715411.212143183 0.640898049 1.216275096 0.399957448 -0.231539823 -0.794988693 -0.119011399 0.547922052
1403715414.212143183 0.710788131 1.007406831 0.108694918 -0.220834992 -0.807883047 -0.121093272 0.532816392
1403715415.262143135 0.636344910 0.944669843 0.023324370 -0.253795071 -0.790215745 -0.101563722 0.548481494
1403715416.312143087 0.653504729 0.993410170 -0.188010216 -0.230130442 -0.783792653 -0.150488579 0.556832330
1403715418.112143278 0.656688690 1.001201034 -0.192654863 -0.230110565 -0.786120396 -0.150201709 0.553627399
