1403715276.262143135 2.151995182 -2.521536112 -0.880247772 0.158979189 -0.835737412 0.035522638 0.524410848
1403715279.262143135 2.048405647 -2.592105627 -0.759695768 0.150214616 -0.819525826 0.042004225 0.551406052
1403715281.262143135 1.837342381 -2.733949423 -0.600797176 0.037993512 -0.828521224 -0.043798668 0.556947710
1403715282.262143135 1.613714695 -2.825947046 -0.655912340 -0.192598403 -0.776529759 -0.215472096 0.559892101
1403715283.462142944 1.203423381 -2.896672964 -0.809968650 -0.443129387 -0.634577480 -0.350084454 0.527625476
1403715284.462142944 0.962487340 -2.890242815 -0.904259264 -0.485573231 -0.610914992 -0.364677289 0.507948801
1403715285.462142944 0.852128506 -2.793193817 -0.874329031 0.550397396 0.546909021 0.406439859 -0.482451936
1403715286.612143278 1.003663778 -2.662507772 -0.519417405 0.556116467 0.544941476 0.423426319 -0.463123541
1403715287.612143278 1.056792736 -2.365628004 -0.339673549 0.602858255 0.481540918 0.445636593 -0.453969488
1403715289.662142992 1.321722507 -2.138240337 -0.416950494 0.738664508 0.308741992 0.511614465 -0.311935516
1403715291.312143087 1.494022489 -1.595104575 -0.360300362 0.746681350 0.267209387 0.503896336 -0.342278524
1403715292.612143278 1.979117036 -1.244616151 -0.479041934 0.732437746 0.323651070 0.505297037 -0.321651733
1403715293.612143278 2.234673500 -0.891473293 -0.247744605 0.590881691 0.484611753 0.445039052 -0.466851710
1403715294.862143040 2.494367123 -0.714367628 -0.251346856 -0.414160672 -0.652312095 -0.341008284 0.535418732
1403715295.912143230 2.654295921 -0.694253922 -0.388729304 -0.235617315 -0.724465819 -0.243943078 0.600104601
1403715297.162142992 2.912339687 -0.575800180 -0.552001178 -0.128284630 -0.778797411 -0.157094954 0.593581352
1403715298.162142992 2.797726154 -0.149765208 -0.543763518 0.059828586 -0.774567376 -0.043748703 0.628133721
1403715299.312143087 2.793488979 -0.003052860 -0.465964913 0.151527382 -0.812317046 0.020133827 0.562827769
1403715300.312143087 2.453063488 -0.255205363 -0.431014180 0.353092429 -0.739360457 0.145238574 0.554596797
1403715301.312143087 2.264519691 -0.216919720 -0.394069284 0.351904090 -0.724146692 0.130420705 0.578589249
1403715302.362143040 2.593574047 -0.006849125 -0.489668161 0.322808267 -0.763267497 0.089903536 0.552390174
1403715303.612143278 2.951884270 -0.166516721 -0.588015854 0.410457865 -0.737200274 0.165919871 0.510422073
1403715304.612143278 3.074973583 -0.353527486 -0.691357315 -0.466869188 0.707436028 -0.241195473 -0.472643810
1403715305.612143278 3.195772171 -0.356784463 -0.693444014 -0.458377875 0.720355733 -0.230964077 -0.466511454
1403715306.762143135 3.154550076 -0.334366947 -0.311697185 0.378879684 -0.734016936 0.214942185 0.521027044
1403715307.962142944 3.271318913 0.206290945 -0.358366489 0.194828424 -0.803854025 0.012567751 0.561874225
1403715309.012143135 3.232750416 0.308500946 -0.470614582 0.108462474 -0.808866103 -0.012559666 0.577766193
1403715310.212143183 2.959659100 0.502893090 -0.340490520 0.142447945 -0.782842780 0.036373068 0.604601327
1403715312.662142992 2.611348152 1.424107075 -0.059811451 0.050605825 -0.801693744 -0.056519741 0.592901096
1403715313.662142992 2.445940018 1.591170430 0.107009038 0.064609070 -0.803941333 -0.059747429 0.588161751
1403715314.662142992 2.512531281 1.514315963 0.161955729 -0.049760520 -0.798676035 -0.127177863 0.586059956
1403715315.812143087 2.441817760 1.150547028 0.118335575 -0.143757623 -0.776505350 -0.162627089 0.591545111
1403715316.812143087 2.441345692 1.005024910 -0.016618395 -0.282376929 -0.728848407 -0.277116950 0.558792865
1403715317.912143230 2.173344612 0.846060753 -0.208794236 -0.508231037 -0.582475319 -0.373122582 0.513033386
1403715319.062143087 2.219119549 0.843193173 -0.354636312 0.623534071 0.496513875 0.443186861 -0.410200732
1403715320.212143183 2.187434196 1.396132708 -0.168522820 0.696954674 0.365205502 0.512510317 -0.343820154
1403715321.262143135 1.960248709 1.747443795 0.096154958 0.793568179 0.162379833 0.520951072 -0.269243970
1403715322.362143040 2.155830860 1.319999695 0.120322391 0.805155523 0.151103290 0.531199231 -0.216147533
1403715323.362143040 2.604407310 0.903098464 -0.056090150 0.820348655 0.131487900 0.532537075 -0.161688837
1403715324.462142944 3.012407303 1.000033379 0.055692200 0.796570278 0.103463701 0.556112115 -0.213331595
1403715325.462142944 2.925439358 0.916248083 0.143138215 0.798962424 0.129462456 0.551014039 -0.203179836
1403715326.862143040 2.853171349 0.564028621 0.020209264 0.796466287 0.118842598 0.560833946 -0.192310105
1403715328.562143087 2.903346539 -0.180376679 -0.212302417 0.773621109 0.197982424 0.557981734 -0.225764756
1403715329.612143278 2.790495396 -0.392721057 -0.314145803 0.713035993 0.357687668 0.492092821 -0.348545348
1403715330.762143135 2.741994381 -0.400818706 -0.439075261 0.700399847 0.357058288 0.493804201 -0.371627292
1403715331.762143135 2.902625561 -0.524536550 -0.201904699 0.626340459 0.464967332 0.462950297 -0.420927585
1403715333.012143135 3.331977844 -0.520520985 -0.106833085 0.610035844 0.467388173 0.459516926 -0.445251344
1403715334.062143087 3.811101437 -0.598336458 -0.151468083 0.597478129 0.512029381 0.422114948 -0.450183039
1403715335.612143278 4.526187897 -0.541393757 -0.193010718 0.560659189 0.551595783 0.399896650 -0.470623029
1403715336.862143040 4.955700874 -0.264585882 -0.223983958 0.520964619 0.583418761 0.384921890 -0.489952603
1403715337.862143040 5.167796135 0.012781218 -0.128509417 -0.480999660 -0.617539556 -0.348203084 0.515789527
1403715339.162142992 5.500367165 0.517818153 -0.018212445 -0.398252228 -0.677773467 -0.306671935 0.536628935
1403715340.412143230 5.603681564 0.962394476 -0.036324598 -0.320038237 -0.714684823 -0.280367447 0.555153335
1403715341.712143183 5.267505646 1.285125017 0.153433695 -0.283099427 -0.718031726 -0.276834166 0.572405450
1403715342.812143087 4.940675735 1.435056806 0.216873780 -0.215728978 -0.762806023 -0.225134723 0.566482423
1403715343.912143230 4.390082836 1.591637373 0.216917127 -0.194702205 -0.761610906 -0.211847497 0.580655249
1403715344.912143230 3.825403214 1.460738897 0.189130008 -0.110739164 -0.773180828 -0.194362780 0.593423420
1403715346.212143183 3.260564804 0.587135911 0.023958471 -0.148605844 -0.783154947 -0.158791037 0.582554752
1403715349.862143040 2.390681744 -0.244511202 -0.301577061 0.145952798 -0.783908255 0.021274656 0.603102825
1403715351.312143087 2.177435398 -0.027486846 -0.463947237 0.213676264 -0.793289961 0.028968902 0.569380624
1403715352.562143087 1.916559339 -0.675926745 -0.445021927 0.268099112 -0.782291586 0.141061464 0.544283385
1403715353.562143087 1.762934804 -0.975440562 -0.379332930 0.310354257 -0.765828342 0.135311687 0.546697296
1403715354.762143135 1.713013172 -1.114817977 -0.557286024 0.332620621 -0.770271399 0.153030571 0.522137089
1403715355.912143230 1.530413270 -1.258512139 -0.322293937 -0.450413617 0.719343990 -0.235341754 -0.473588488
1403715357.212143183 1.403980255 -1.610491037 -0.265936017 -0.515890480 0.685091741 -0.300434758 -0.417426970
1403715358.862143040 1.460443258 -2.499959946 -0.313951373 -0.581029476 0.621351476 -0.355692043 -0.387053307
1403715360.862143040 2.059158087 -3.051364899 -0.392153591 -0.526841740 0.680844950 -0.325826749 -0.390800288
1403715362.312143087 2.169286251 -3.252039909 -0.409942120 -0.299053882 0.809017330 -0.103607374 -0.495301168
1403715363.362143040 2.290403366 -3.640620470 -0.477844179 0.038788983 -0.843395935 -0.023855814 0.535359329
1403715366.912143230 2.636640549 -3.237378359 -0.473396748 -0.397174434 -0.654003093 -0.379573927 0.520053898
1403715368.062143087 3.140257359 -2.842168808 -0.280161768 -0.370327267 -0.663975427 -0.354270508 0.544505973
1403715369.112143278 3.656813622 -2.234977722 -0.128478006 -0.371242688 -0.665858674 -0.329110270 0.557223047
1403715370.112143278 4.045449257 -1.671815872 -0.057603985 -0.219678928 -0.757476345 -0.250927157 0.561254236
1403715371.112143278 4.128548622 -1.152772665 0.003635135 -0.251698065 -0.751912198 -0.234455232 0.562411660
1403715372.912143230 3.812565804 0.113407135 0.199049070 -0.201712058 -0.754425776 -0.200701337 0.591500606
1403715374.012143135 3.635401726 0.804546118 0.334868491 -0.139919172 -0.769848038 -0.180354352 0.596010849
1403715375.562143087 3.120334625 1.170559168 0.425550759 -0.040447652 -0.794992998 -0.113636623 0.594505541
1403715376.662142992 2.584070683 1.111111641 0.377047211 -0.036967399 -0.786436209 -0.116655007 0.605428038
1403715377.812143087 2.436006546 0.708163023 0.245168686 -0.000191451 -0.788611136 -0.080601976 0.609586550
1403715379.162142992 2.594525337 -0.020787448 0.037845474 -0.009385430 -0.802374016 -0.077765582 0.591658995
1403715380.212143183 2.426046848 -0.527942300 0.035632443 0.005719826 -0.785425869 -0.081383148 0.613555434
1403715381.212143183 2.243562222 -1.244818449 0.029359788 0.019185025 -0.791356885 -0.063789266 0.607714691
1403715382.312143087 2.242003441 -2.012044191 -0.092734560 -0.034491223 -0.809133183 -0.103899221 0.577337683
1403715383.562143087 1.871678710 -2.752029657 -0.234820783 -0.180647836 -0.781444798 -0.178523910 0.569947016
1403715384.712143183 1.448774576 -2.965730190 -0.305945814 -0.420830455 -0.664585535 -0.315984549 0.530454107
1403715386.262143135 1.324112773 -2.627354860 -0.151133597 -0.485952489 -0.586570504 -0.387948319 0.518923236
1403715387.312143087 1.686686993 -2.482727289 -0.188519940 -0.501120306 -0.581625891 -0.369966389 0.523177439
1403715388.412143230 2.444179058 -2.218769073 -0.240079358 -0.485569520 -0.591116983 -0.384283015 0.516845739
1403715389.662142992 3.263945103 -1.732701898 -0.275871456 -0.467821920 -0.593989250 -0.394696063 0.522048311
1403715390.662142992 3.680526257 -1.306822300 -0.257030666 -0.332698379 -0.693552135 -0.335115194 0.544054254
1403715392.762143135 3.414086342 0.271776319 0.136187389 -0.166819933 -0.746534954 -0.200345187 0.612142532
1403715395.362143040 3.364608765 0.776030302 0.225945592 -0.497971639 0.693042892 -0.234926928 -0.465322615
1403715396.362143040 3.522488117 0.540297270 0.048959982 -0.553188978 0.656411886 -0.302099724 -0.414537270
1403715397.362143040 3.558172703 0.251540542 -0.152682334 -0.570452945 0.664197512 -0.307712679 -0.372475517
1403715398.762143135 3.150590897 -0.369528890 -0.359163165 -0.550681500 0.637726084 -0.299623996 -0.447527417
1403715400.262143135 3.512124062 -0.321435243 -0.371319801 -0.532970525 0.684282987 -0.238529476 -0.436809915
1403715401.262143135 4.040797234 -0.714006960 -0.433097869 -0.319813777 0.800053565 -0.112103977 -0.495041553
1403715402.412143230 4.006342411 -1.519192815 -0.462204754 0.258881842 -0.779203684 0.070835534 0.566395743
1403715404.362143040 3.592573643 -2.295462132 -0.526163578 0.068926505 -0.808623706 -0.064284513 0.580727424
1403715405.612143278 2.776748180 -2.917269707 -0.672449708 -0.126602386 -0.781659124 -0.143067231 0.593727730
1403715406.762143135 2.331586838 -3.056949615 -0.830868304 -0.385269015 -0.681142001 -0.301570315 0.544673026
1403715407.962142944 2.054040432 -2.718686104 -0.872227788 0.468027986 0.623298574 0.386746669 -0.492824214
1403715409.012143135 1.517798185 -2.237017393 -0.660439968 -0.370382581 -0.655649086 -0.345276776 0.560111567
1403715410.512143135 1.303563595 -2.039961576 -0.422759116 -0.328299492 -0.702348789 -0.310892945 0.549791959
1403715411.812143087 1.060576200 -1.976218820 -0.467028886 -0.303555100 -0.707325601 -0.284600340 0.571443298
1403715413.062143087 1.106870055 -2.066165686 -0.543510497 -0.307103978 -0.716816191 -0.283979202 0.557868719
1403715415.712143183 1.060639620 -2.080203533 -0.886472940 -0.320912780 -0.703278858 -0.312643807 0.551967105
1403715417.962142944 1.041901708 -2.088145256 -0.899663925 -0.325647705 -0.702169140 -0.310399281 0.551873497
